22542491 9342934618501144
22542492 4641846445599999
22542493 8939938472688800
22542494 4237496799771188
22542495 8535975436877788
22542496 3834716263959977
22542497 8131859191044455
22542498 3430969028146655
22542499 7728922655232244
22542500 3027558082323333
22542501 7324751819412211
22542502 2623837146509977
22542503 6921841673593399
22542504 2219371610695500
22542505 6517964737783399
22542506 1816677264871100
22542507 6113732691957755
22542508 1412157329054455
22542509 5710882156141188
22542510 1009489283235577
22542511 5306595620332244
22542512 9604993747415511
22542513 4903771474502244
22542514 9200940611603344
22542515 4499980638691100
22542516 8797960465780099
22542517 4095632792860066
22542518 8393852829969966
22542519 3692868257059966
22542520 7989898984143355
22542521 3288465921248844
22542522 7586978448321133
22542523 2885727875412211
22542524 7182809512517711
22542525 2481271239602244
22542526 6779915366699922
22542527 2077559393776699
22542528 6375692030876688
22542529 1674880957962266
22542530 5971824185055566
22542531 1270362822153355
22542532 5568989649242255
22542533 9865995676327722
22542534 5164704913420022
22542535 9462951340511111
22542536 4761896767600044
22542537 9058953794699900
22542538 4357557731788899
22542539 8655989558877788
22542540 3953775885966666

