0 0022542491 9342934618501144
0 0022542492 4641846445599999
0 0022542493 8939938472688800
0 0022542494 4237496799771188
0 0022542495 8535975436877788
0 0022542496 3834716263959977
0 0022542497 8131859191044455
0 0022542498 3430969028146655
0 0022542499 7728922655232244
0 0022542500 3027558082323333
0 0022542501 7324751819412211
0 0022542502 2623837146509977
0 0022542503 6921841673593399
0 0022542504 2219371610695500
0 0022542505 6517964737783399
0 0022542506 1816677264871100
0 0022542507 6113732691957755
0 0022542508 1412157329054455
0 0022542509 5710882156141188
0 0022542510 1009489283235577
0 0022542511 5306595620332244
0 0022542512 9604993747415511
0 0022542513 4903771474502244
0 0022542514 9200940611603344
0 0022542515 4499980638691100
0 0022542516 8797960465780099
0 0022542517 4095632792860066
0 0022542518 8393852829969966
0 0022542519 3692868257059966
0 0022542520 7989898984143355
0 0022542521 3288465921248844
0 0022542522 7586978448321133
0 0022542523 2885727875412211
0 0022542524 7182809512517711
0 0022542525 2481271239602244
0 0022542526 6779915366699922
0 0022542527 2077559393776699
0 0022542528 6375692030876688
0 0022542529 1674880957962266
0 0022542530 5971824185055566
0 0022542531 1270362822153355
0 0022542532 5568989649242255
0 0022542533 9865995676327722
0 0022542534 5164704913420022
0 0022542535 9462951340511111
0 0022542536 4761896767600044
0 0022542537 9058953794699900
0 0022542538 4357557731788899
0 0022542539 8655989558877788
0 0022542540 3953775885966666

