0 0022542491 9999999999999949
0 0022542492 9999999999999950
0 0022542493 9999999999999951
0 0022542494 9999999999999952
0 0022542495 9999999999999953
0 0022542496 9999999999999954
0 0022542497 9999999999999955
0 0022542498 9999999999999956
0 0022542499 9999999999999957
0 0022542500 9999999999999958
0 0022542501 9999999999999959
0 0022542502 9999999999999960
0 0022542503 9999999999999961
0 0022542504 9999999999999962
0 0022542505 9999999999999963
0 0022542506 9999999999999964
0 0022542507 9999999999999965
0 0022542508 9999999999999966
0 0022542509 9999999999999967
0 0022542510 9999999999999968
0 0022542511 9999999999999969
0 0022542512 9999999999999970
0 0022542513 9999999999999971
0 0022542514 9999999999999972
0 0022542515 9999999999999973
0 0022542516 9999999999999974
0 0022542517 9999999999999975
0 0022542518 9999999999999976
0 0022542519 9999999999999977
0 0022542520 9999999999999978
0 0022542521 9999999999999979
0 0022542522 9999999999999980
0 0022542523 9999999999999981
0 0022542524 9999999999999982
0 0022542525 9999999999999983
0 0022542526 9999999999999984
0 0022542527 9999999999999985
0 0022542528 9999999999999986
0 0022542529 9999999999999987
0 0022542530 9999999999999988
0 0022542531 9999999999999989
0 0022542532 9999999999999990
0 0022542533 9999999999999991
0 0022542534 9999999999999992
0 0022542535 9999999999999993
0 0022542536 9999999999999994
0 0022542537 9999999999999995
0 0022542538 9999999999999996
0 0022542539 9999999999999997
0 0022542540 9999999999999998

